2015 12345 Chase Urban 6
10000 300 1000 5000 900 50

2015 23456 Youmin Lu 5
3000 100 8000 90 800

2015 34567 Jerry Seinfeld 4
1000 2000 5000 30

2016 12345 Chase Urban 5
15000 100 200 6000 30

2016 23456 Youmin Lu 4
500 300 9000 5000

2016 45678 Cosmo Kramer 3
1000 2000 3000 

2017 12345 Chase Urban 1
30000

2017 56789 George Costanza 3
10000 20000 30000

2017 34567 Jerry Seinfeld 3
3000 4000 6000

2018 12345 Chase Urban 4
16000 17000 1200 1500

2018 56789 George Costanza 5
100 200 300 1000 2000

2018 45678 Cosmo Kramer 6
9000 8000 7000 6000 5000 4000 

2019 12345 Chase Urban 4
20000 25000 15 95

2019 23456 Youmin Lu 4
10000 11000 12000 55

2019 34567 Jerry Seinfeld 4
500 600 9000 10000